%YAML:1.0

height: 480
width: 632

LEFT.P: !!opencv-matrix
    rows:3
    cols:4
    dt:f
    data: [696.98187, 0, 279.98688, 0, 0, 696.98187, 252.3532, 0, 0, 0, 1, 0]


RIGHT.P: !!opencv-matrix
    rows:3
    cols:4
    dt:f
    data: [696.98187, 0, 279.98688, -3749.1721, 0, 696.98187, 252.3532, 0, 0, 0, 1, 0]

