%YAML:1.0

height: 370
width: 1226

LEFT.P: !!opencv-matrix
    rows:3
    cols:4
    dt:f
    data: [707.0912, 0.0, 601.8873, 0.0, 0.0, 707.0912, 183.1104, 0.0, 0.0, 0.0, 1.0, 0.0]


RIGHT.P: !!opencv-matrix
    rows:3
    cols:4
    dt:f
    data: [707.0912, 0.0, 601.8873, -379.8145, 0.0, 707.0912, 183.1104, 0.0, 0.0, 0.0, 1.0, 0.0]

lower move threshold: 15.0
upper move threshold: 40.0
feature number threshold: 60
frame threshold: 5
trajectory file: "../pose.txt" 

global optimization times: 100
local optiimization times: 20

